---
images/comics/GrouchyIcon.png: 2017-09-23 00:29:00.1762523 -07:00
images/comics/grouchy-0.png: 2017-09-20 22:49:48.181273290 -07:00
images/comics/grouchy-1.png: 2017-09-22 22:49:48.181273290 -07:00
